%YAML:1.0
---
camera_matrix: !!opencv-matrix
   rows: 3
   cols: 3
   dt: d
   data: [ 1.9051107043240120e+03, 0., 1.0110730666251482e+03, 0.,
       1.7252958531995441e+03, 5.6738951416714769e+02, 0., 0., 1. ]
dist_coeff: !!opencv-matrix
   rows: 1
   cols: 5
   dt: d
   data: [ -2.5617841256542867e-01, -4.8131218490646782e-01,
       -4.4663469890075360e-03, 3.6948921834944735e-03,
       6.6043846696420772e-01 ]
